CAL2 AAE   BHZ IU   CMG-3T   1.88E-01   1.000   20.00000 1995/05/17 00:00
PAZ2  1 C  3.06125641E+16                 9   3 CMG-3T
 -4.44221012E-02  1.23338997E-02
 -4.44221012E-02 -1.23338997E-02
 -3.09760986E+02  0.00000000E+00
 -1.84726001E+03  0.00000000E+00
 -4.46545982E+01  1.37412994E+02
 -4.46545982E+01 -1.37412994E+02
 -1.16930000E+02  8.49487000E+01
 -1.16930000E+02 -8.49487000E+01
 -1.44511993E+02  0.00000000E+00
  0.00000000E+00  0.00000000E+00
  0.00000000E+00  0.00000000E+00
  0.00000000E+00  0.00000000E+00
 
CAL2 AAE   BHN IU   CMG-3T   1.90E-01   1.000   20.00000 1995/05/17 00:00
PAZ2  1 C  3.01442172E+16                 9   3 CMG-3T
 -4.44221012E-02  1.23338997E-02
 -4.44221012E-02 -1.23338997E-02
 -3.09760986E+02  0.00000000E+00
 -1.84726001E+03  0.00000000E+00
 -4.46545982E+01  1.37412994E+02
 -4.46545982E+01 -1.37412994E+02
 -1.16930000E+02  8.49487000E+01
 -1.16930000E+02 -8.49487000E+01
 -1.44511993E+02  0.00000000E+00
  0.00000000E+00  0.00000000E+00
  0.00000000E+00  0.00000000E+00
  0.00000000E+00  0.00000000E+00
 
CAL2 AAE   BHE IU   CMG-3T   1.87E-01   1.000   20.00000 1995/05/17 00:00
PAZ2  1 C  3.06553398E+16                 9   3 CMG-3T
 -4.44221012E-02  1.23338997E-02
 -4.44221012E-02 -1.23338997E-02
 -3.09760986E+02  0.00000000E+00
 -1.84726001E+03  0.00000000E+00
 -4.46545982E+01  1.37412994E+02
 -4.46545982E+01 -1.37412994E+02
 -1.16930000E+02  8.49487000E+01
 -1.16930000E+02 -8.49487000E+01
 -1.44511993E+02  0.00000000E+00
  0.00000000E+00  0.00000000E+00
  0.00000000E+00  0.00000000E+00
  0.00000000E+00  0.00000000E+00
 
CAL2 AAE   LHZ IU   CMG-3T   4.71E-01  10.000    1.00000 1995/05/17 00:00
PAZ2  1 C  1.22450256E+17                 9   3 CMG-3T
 -4.44221012E-02  1.23338997E-02
 -4.44221012E-02 -1.23338997E-02
 -3.09760986E+02  0.00000000E+00
 -1.84726001E+03  0.00000000E+00
 -4.46545982E+01  1.37412994E+02
 -4.46545982E+01 -1.37412994E+02
 -1.16930000E+02  8.49487000E+01
 -1.16930000E+02 -8.49487000E+01
 -1.44511993E+02  0.00000000E+00
  0.00000000E+00  0.00000000E+00
  0.00000000E+00  0.00000000E+00
  0.00000000E+00  0.00000000E+00
 
CAL2 AAE   LHN IU   CMG-3T   4.78E-01  10.000    1.00000 1995/05/17 00:00
PAZ2  1 C  1.20576869E+17                 9   3 CMG-3T
 -4.44221012E-02  1.23338997E-02
 -4.44221012E-02 -1.23338997E-02
 -3.09760986E+02  0.00000000E+00
 -1.84726001E+03  0.00000000E+00
 -4.46545982E+01  1.37412994E+02
 -4.46545982E+01 -1.37412994E+02
 -1.16930000E+02  8.49487000E+01
 -1.16930000E+02 -8.49487000E+01
 -1.44511993E+02  0.00000000E+00
  0.00000000E+00  0.00000000E+00
  0.00000000E+00  0.00000000E+00
  0.00000000E+00  0.00000000E+00
 
CAL2 AAE   LHE IU   CMG-3T   4.70E-01  10.000    1.00000 1995/05/17 00:00
PAZ2  1 C  1.22621359E+17                 9   3 CMG-3T
 -4.44221012E-02  1.23338997E-02
 -4.44221012E-02 -1.23338997E-02
 -3.09760986E+02  0.00000000E+00
 -1.84726001E+03  0.00000000E+00
 -4.46545982E+01  1.37412994E+02
 -4.46545982E+01 -1.37412994E+02
 -1.16930000E+02  8.49487000E+01
 -1.16930000E+02 -8.49487000E+01
 -1.44511993E+02  0.00000000E+00
  0.00000000E+00  0.00000000E+00
  0.00000000E+00  0.00000000E+00
  0.00000000E+00  0.00000000E+00
 
CAL2 AAK   BHZ II   STS-1    1.88E-01   1.000   20.00000 1999/08/23 00:00
PAZ2  1 C  1.73886641E+05                 8   6 STS-1
 -1.25035392E-02  1.21315746E-02
 -1.25035392E-02 -1.21315746E-02
 -1.28288820E-01  0.00000000E+00
 -1.81944087E-01  0.00000000E+00
 -4.00568771E+01  4.84075470E+01
 -4.00568771E+01 -4.84075470E+01
 -3.39245529E+01  0.00000000E+00
 -1.18851479E+02  0.00000000E+00
  0.00000000E+00  0.00000000E+00
  0.00000000E+00  0.00000000E+00
  0.00000000E+00  0.00000000E+00
 -7.85398178E+01  0.00000000E+00
 -1.52504221E-01  0.00000000E+00
 -1.52504221E-01  0.00000000E+00
 
CAL2 AAK   BHN II   STS-1    2.11E-01   1.000   20.00000 1999/08/23 00:00
PAZ2  1 C  1.55205016E+05                 8   6 STS-1
 -1.23733515E-02  1.23002157E-02
 -1.23733515E-02 -1.23002157E-02
 -1.38151541E-01  0.00000000E+00
 -1.68724895E-01  0.00000000E+00
 -4.00568771E+01  4.84075470E+01
 -4.00568771E+01 -4.84075470E+01
 -3.39245529E+01  0.00000000E+00
 -1.18851479E+02  0.00000000E+00
  0.00000000E+00  0.00000000E+00
  0.00000000E+00  0.00000000E+00
  0.00000000E+00  0.00000000E+00
 -7.85398178E+01  0.00000000E+00
 -1.52504221E-01  0.00000000E+00
 -1.52504221E-01  0.00000000E+00
 
CAL2 AAK   BHE II   STS-1    2.00E-01   1.000   20.00000 1999/08/23 00:00
PAZ2  1 C  1.63605141E+05                 8   6 STS-1
 -1.24824904E-02  1.20069785E-02
 -1.24824904E-02 -1.20069785E-02
 -1.25958383E-01  0.00000000E+00
 -1.85328841E-01  0.00000000E+00
 -4.00568771E+01  4.84075470E+01
 -4.00568771E+01 -4.84075470E+01
 -3.39245529E+01  0.00000000E+00
 -1.18851479E+02  0.00000000E+00
  0.00000000E+00  0.00000000E+00
  0.00000000E+00  0.00000000E+00
  0.00000000E+00  0.00000000E+00
 -7.85398178E+01  0.00000000E+00
 -1.52504221E-01  0.00000000E+00
 -1.52504221E-01  0.00000000E+00
 
CAL2 AAK   LHZ II   STS-1    1.86E+00  10.000    1.00000 1999/08/23 00:00
PAZ2  1 C  1.73886641E+05                 8   6 STS-1
 -1.25035392E-02  1.21315746E-02
 -1.25035392E-02 -1.21315746E-02
 -1.28288820E-01  0.00000000E+00
 -1.81944087E-01  0.00000000E+00
 -4.00568771E+01  4.84075470E+01
 -4.00568771E+01 -4.84075470E+01
 -3.39245529E+01  0.00000000E+00
 -1.18851479E+02  0.00000000E+00
  0.00000000E+00  0.00000000E+00
  0.00000000E+00  0.00000000E+00
  0.00000000E+00  0.00000000E+00
 -7.85398178E+01  0.00000000E+00
 -1.52504221E-01  0.00000000E+00
 -1.52504221E-01  0.00000000E+00
 
CAL2 AAK   LHN II   STS-1    2.08E+00  10.000    1.00000 1999/08/23 00:00
PAZ2  1 C  1.55205016E+05                 8   6 STS-1
 -1.23733515E-02  1.23002157E-02
 -1.23733515E-02 -1.23002157E-02
 -1.38151541E-01  0.00000000E+00
 -1.68724895E-01  0.00000000E+00
 -4.00568771E+01  4.84075470E+01
 -4.00568771E+01 -4.84075470E+01
 -3.39245529E+01  0.00000000E+00
 -1.18851479E+02  0.00000000E+00
  0.00000000E+00  0.00000000E+00
  0.00000000E+00  0.00000000E+00
  0.00000000E+00  0.00000000E+00
 -7.85398178E+01  0.00000000E+00
 -1.52504221E-01  0.00000000E+00
 -1.52504221E-01  0.00000000E+00
 
CAL2 AAK   LHE II   STS-1    1.98E+00  10.000    1.00000 1999/08/23 00:00
PAZ2  1 C  1.63605141E+05                 8   6 STS-1
 -1.24824904E-02  1.20069785E-02
 -1.24824904E-02 -1.20069785E-02
 -1.25958383E-01  0.00000000E+00
 -1.85328841E-01  0.00000000E+00
 -4.00568771E+01  4.84075470E+01
 -4.00568771E+01 -4.84075470E+01
 -3.39245529E+01  0.00000000E+00
 -1.18851479E+02  0.00000000E+00
  0.00000000E+00  0.00000000E+00
  0.00000000E+00  0.00000000E+00
  0.00000000E+00  0.00000000E+00
 -7.85398178E+01  0.00000000E+00
 -1.52504221E-01  0.00000000E+00
 -1.52504221E-01  0.00000000E+00
 
CAL2 AAM   BHZ US   CMG-3N   1.36E-01   1.000   40.00000 1996/10/23 00:00
PAZ2  1 C  1.31064381E+11                 6   3 CMG-3N
 -3.14199999E-02  0.00000000E+00
 -1.97899997E-01  0.00000000E+00
 -2.01100006E+02  0.00000000E+00
 -6.97400024E+02  0.00000000E+00
 -7.54000000E+02  0.00000000E+00
 -1.05600000E+03  0.00000000E+00
  0.00000000E+00  0.00000000E+00
  0.00000000E+00  0.00000000E+00
  0.00000000E+00  0.00000000E+00
 
CAL2 AAM   BHN US   CMG-3N   1.53E-01   1.000   40.00000 1996/10/23 00:00
PAZ2  1 C  1.16445372E+11                 6   3 CMG-3N
 -3.14199999E-02  0.00000000E+00
 -1.97899997E-01  0.00000000E+00
 -2.01100006E+02  0.00000000E+00
 -6.97400024E+02  0.00000000E+00
 -7.54000000E+02  0.00000000E+00
 -1.05600000E+03  0.00000000E+00
  0.00000000E+00  0.00000000E+00
  0.00000000E+00  0.00000000E+00
  0.00000000E+00  0.00000000E+00
 
CAL2 AAM   BHE US   CMG-3N   1.41E-01   1.000   40.00000 1996/10/23 00:00
PAZ2  1 C  1.26210449E+11                 6   3 CMG-3N
 -3.14199999E-02  0.00000000E+00
 -1.97899997E-01  0.00000000E+00
 -2.01100006E+02  0.00000000E+00
 -6.97400024E+02  0.00000000E+00
 -7.54000000E+02  0.00000000E+00
 -1.05600000E+03  0.00000000E+00
  0.00000000E+00  0.00000000E+00
  0.00000000E+00  0.00000000E+00
  0.00000000E+00  0.00000000E+00
 
CAL2 AAM   LHZ US   CMG-3N   1.42E+00  10.000    1.00000 1996/10/23 00:00
PAZ2  1 C  1.31064381E+11                 6   3 CMG-3N
 -3.14199999E-02  0.00000000E+00
 -1.97899997E-01  0.00000000E+00
 -2.01100006E+02  0.00000000E+00
 -6.97400024E+02  0.00000000E+00
 -7.54000000E+02  0.00000000E+00
 -1.05600000E+03  0.00000000E+00
  0.00000000E+00  0.00000000E+00
  0.00000000E+00  0.00000000E+00
  0.00000000E+00  0.00000000E+00
 
CAL2 AAM   LHN US   CMG-3N   1.60E+00  10.000    1.00000 1996/10/23 00:00
PAZ2  1 C  1.16445372E+11                 6   3 CMG-3N
 -3.14199999E-02  0.00000000E+00
 -1.97899997E-01  0.00000000E+00
 -2.01100006E+02  0.00000000E+00
 -6.97400024E+02  0.00000000E+00
 -7.54000000E+02  0.00000000E+00
 -1.05600000E+03  0.00000000E+00
  0.00000000E+00  0.00000000E+00
  0.00000000E+00  0.00000000E+00
  0.00000000E+00  0.00000000E+00
 
CAL2 AAM   LHE US   CMG-3N   1.48E+00  10.000    1.00000 1996/10/23 00:00
PAZ2  1 C  1.26210449E+11                 6   3 CMG-3N
 -3.14199999E-02  0.00000000E+00
 -1.97899997E-01  0.00000000E+00
 -2.01100006E+02  0.00000000E+00
 -6.97400024E+02  0.00000000E+00
 -7.54000000E+02  0.00000000E+00
 -1.05600000E+03  0.00000000E+00
  0.00000000E+00  0.00000000E+00
  0.00000000E+00  0.00000000E+00
  0.00000000E+00  0.00000000E+00
 
CAL2 AAM   HLZ US   CMG-5    1.20E+02   1.000   80.00000 1994/06/20 00:00
PAZ2  1 C  5.67075800E+07                 4   2 CMG-5
 -2.19899994E+02  0.00000000E+00
 -5.65500000E+02  0.00000000E+00
 -1.22500000E+03  0.00000000E+00
 -1.75900000E+03  0.00000000E+00
  0.00000000E+00  0.00000000E+00
  0.00000000E+00  0.00000000E+00
 
CAL2 AAM   HLN US   CMG-5    1.20E+02   1.000   80.00000 1994/06/20 00:00
PAZ2  1 C  5.66965920E+07                 4   2 CMG-5
 -2.19899994E+02  0.00000000E+00
 -5.65500000E+02  0.00000000E+00
 -1.22500000E+03  0.00000000E+00
 -1.75900000E+03  0.00000000E+00
  0.00000000E+00  0.00000000E+00
  0.00000000E+00  0.00000000E+00
 
CAL2 AAM   HLE US   CMG-5    1.21E+02   1.000   80.00000 1994/06/20 00:00
PAZ2  1 C  5.62739720E+07                 4   2 CMG-5
 -2.19899994E+02  0.00000000E+00
 -5.65500000E+02  0.00000000E+00
 -1.22500000E+03  0.00000000E+00
 -1.75900000E+03  0.00000000E+00
  0.00000000E+00  0.00000000E+00
  0.00000000E+00  0.00000000E+00
 
CAL2 AAM   BLZ US   CMG-5    1.20E+02   1.000   40.00000 1994/06/20 00:00
PAZ2  1 C  5.67075800E+07                 4   2 CMG-5
 -2.19899994E+02  0.00000000E+00
 -5.65500000E+02  0.00000000E+00
 -1.22500000E+03  0.00000000E+00
 -1.75900000E+03  0.00000000E+00
  0.00000000E+00  0.00000000E+00
  0.00000000E+00  0.00000000E+00
 
CAL2 AAM   BLN US   CMG-5    1.20E+02   1.000   40.00000 1994/06/20 00:00
PAZ2  1 C  5.66965920E+07                 4   2 CMG-5
 -2.19899994E+02  0.00000000E+00
 -5.65500000E+02  0.00000000E+00
 -1.22500000E+03  0.00000000E+00
 -1.75900000E+03  0.00000000E+00
  0.00000000E+00  0.00000000E+00
  0.00000000E+00  0.00000000E+00
 
CAL2 AAM   BLE US   CMG-5    1.21E+02   1.000   40.00000 1994/06/20 00:00
PAZ2  1 C  5.62739720E+07                 4   2 CMG-5
 -2.19899994E+02  0.00000000E+00
 -5.65500000E+02  0.00000000E+00
 -1.22500000E+03  0.00000000E+00
 -1.75900000E+03  0.00000000E+00
  0.00000000E+00  0.00000000E+00
  0.00000000E+00  0.00000000E+00
 
CAL2 ABKT  BHZ II   STS-1    2.89E-01   1.000   20.00000 1995/07/28 00:00
PAZ2  1 C  1.25969244E+19                13   6 STS-1
 -1.23810172E-02  1.23043004E-02
 -1.23810172E-02 -1.23043004E-02
 -1.41175643E-01  0.00000000E+00
 -1.65247142E-01  0.00000000E+00
 -4.09424934E+01  5.18121490E+01
 -4.09424934E+01 -5.18121490E+01
 -4.39822998E+02  0.00000000E+00
 -3.03477844E+02  8.12233658E+01
 -3.03477844E+02 -8.12233658E+01
 -2.22144531E+02  2.22143921E+02
 -2.22144531E+02 -2.22143921E+02
 -8.13044205E+01  3.03455872E+02
 -8.13044205E+01 -3.03455872E+02
  0.00000000E+00  0.00000000E+00
  0.00000000E+00  0.00000000E+00
  0.00000000E+00  0.00000000E+00
 -8.01106186E+01  0.00000000E+00
 -1.52504221E-01  0.00000000E+00
 -1.52504221E-01  0.00000000E+00
 
CAL2 ABKT  BHN II   STS-1    3.14E-01   1.000   20.00000 1995/07/28 00:00
PAZ2  1 C  1.45421683E+19                13   6 STS-1
 -1.23512344E-02  1.23584606E-02
 -1.23512344E-02 -1.23584606E-02
 -1.39583483E-01  0.00000000E+00
 -1.66161984E-01  0.00000000E+00
 -4.02794266E+01  5.05737343E+01
 -4.02794266E+01 -5.05737343E+01
 -5.65486694E+02  0.00000000E+00
 -3.03477844E+02  8.12233658E+01
 -3.03477844E+02 -8.12233658E+01
 -2.22144531E+02  2.22143921E+02
 -2.22144531E+02 -2.22143921E+02
 -8.13044205E+01  3.03455872E+02
 -8.13044205E+01 -3.03455872E+02
  0.00000000E+00  0.00000000E+00
  0.00000000E+00  0.00000000E+00
  0.00000000E+00  0.00000000E+00
 -7.87283096E+01  0.00000000E+00
 -1.52504221E-01  0.00000000E+00
 -1.52504221E-01  0.00000000E+00
 
CAL2 ABKT  BHE II   STS-1    3.20E-01   1.000   20.00000 1995/07/28 00:00
PAZ2  1 C  1.45749370E+19                13   6 STS-1
 -1.23541886E-02  1.23684509E-02
 -1.23541886E-02 -1.23684509E-02
 -1.41844168E-01  0.00000000E+00
 -1.63386703E-01  0.00000000E+00
 -4.05139809E+01  5.12699127E+01
 -4.05139809E+01 -5.12699127E+01
 -5.65486694E+02  0.00000000E+00
 -3.03477844E+02  8.12233658E+01
 -3.03477844E+02 -8.12233658E+01
 -2.22144531E+02  2.22143921E+02
 -2.22144531E+02 -2.22143921E+02
 -8.13044205E+01  3.03455872E+02
 -8.13044205E+01 -3.03455872E+02
  0.00000000E+00  0.00000000E+00
  0.00000000E+00  0.00000000E+00
  0.00000000E+00  0.00000000E+00
 -7.89168091E+01  0.00000000E+00
 -1.52504221E-01  0.00000000E+00
 -1.52504221E-01  0.00000000E+00
 
CAL2 ABKT  LHZ II   STS-1    2.91E+00  10.000    1.00000 1995/07/28 00:00
PAZ2  1 C  1.25969244E+19                13   6 STS-1
 -1.23810172E-02  1.23043004E-02
 -1.23810172E-02 -1.23043004E-02
 -1.41175643E-01  0.00000000E+00
 -1.65247142E-01  0.00000000E+00
 -4.09424934E+01  5.18121490E+01
 -4.09424934E+01 -5.18121490E+01
 -4.39822998E+02  0.00000000E+00
 -3.03477844E+02  8.12233658E+01
 -3.03477844E+02 -8.12233658E+01
 -2.22144531E+02  2.22143921E+02
 -2.22144531E+02 -2.22143921E+02
 -8.13044205E+01  3.03455872E+02
 -8.13044205E+01 -3.03455872E+02
  0.00000000E+00  0.00000000E+00
  0.00000000E+00  0.00000000E+00
  0.00000000E+00  0.00000000E+00
 -8.01106186E+01  0.00000000E+00
 -1.52504221E-01  0.00000000E+00
 -1.52504221E-01  0.00000000E+00
 
CAL2 ABKT  LHN II   STS-1    3.16E+00  10.000    1.00000 1995/07/28 00:00
PAZ2  1 C  1.45421683E+19                13   6 STS-1
 -1.23512344E-02  1.23584606E-02
 -1.23512344E-02 -1.23584606E-02
 -1.39583483E-01  0.00000000E+00
 -1.66161984E-01  0.00000000E+00
 -4.02794266E+01  5.05737343E+01
 -4.02794266E+01 -5.05737343E+01
 -5.65486694E+02  0.00000000E+00
 -3.03477844E+02  8.12233658E+01
 -3.03477844E+02 -8.12233658E+01
 -2.22144531E+02  2.22143921E+02
 -2.22144531E+02 -2.22143921E+02
 -8.13044205E+01  3.03455872E+02
 -8.13044205E+01 -3.03455872E+02
  0.00000000E+00  0.00000000E+00
  0.00000000E+00  0.00000000E+00
  0.00000000E+00  0.00000000E+00
 -7.87283096E+01  0.00000000E+00
 -1.52504221E-01  0.00000000E+00
 -1.52504221E-01  0.00000000E+00
 
CAL2 ABKT  LHE II   STS-1    3.21E+00  10.000    1.00000 1995/07/28 00:00
PAZ2  1 C  1.45749370E+19                13   6 STS-1
 -1.23541886E-02  1.23684509E-02
 -1.23541886E-02 -1.23684509E-02
 -1.41844168E-01  0.00000000E+00
 -1.63386703E-01  0.00000000E+00
 -4.05139809E+01  5.12699127E+01
 -4.05139809E+01 -5.12699127E+01
 -5.65486694E+02  0.00000000E+00
 -3.03477844E+02  8.12233658E+01
 -3.03477844E+02 -8.12233658E+01
 -2.22144531E+02  2.22143921E+02
 -2.22144531E+02 -2.22143921E+02
 -8.13044205E+01  3.03455872E+02
 -8.13044205E+01 -3.03455872E+02
  0.00000000E+00  0.00000000E+00
  0.00000000E+00  0.00000000E+00
  0.00000000E+00  0.00000000E+00
 -7.89168091E+01  0.00000000E+00
 -1.52504221E-01  0.00000000E+00
 -1.52504221E-01  0.00000000E+00
 
CAL2 ADK   BHZ IU   STS-1    1.48E-01   1.000   20.00000 1993/11/01 00:00
PAZ2  1 C  4.24637891E+03                 4   3 STS-1
 -1.23399999E-02  1.23399999E-02
 -1.23399999E-02 -1.23399999E-02
 -3.91800003E+01  4.91199989E+01
 -3.91800003E+01 -4.91199989E+01
  0.00000000E+00  0.00000000E+00
  0.00000000E+00  0.00000000E+00
  0.00000000E+00  0.00000000E+00
 
CAL2 ADK   BHN IU   STS-1    1.66E-01   1.000   20.00000 1993/11/01 00:00
PAZ2  1 C  3.76940259E+03                 4   3 STS-1
 -1.23399999E-02  1.23399999E-02
 -1.23399999E-02 -1.23399999E-02
 -3.91800003E+01  4.91199989E+01
 -3.91800003E+01 -4.91199989E+01
  0.00000000E+00  0.00000000E+00
  0.00000000E+00  0.00000000E+00
  0.00000000E+00  0.00000000E+00
 
CAL2 ADK   BHE IU   STS-1    1.67E-01   1.000   20.00000 1993/11/01 00:00
PAZ2  1 C  3.76277686E+03                 4   3 STS-1
 -1.23399999E-02  1.23399999E-02
 -1.23399999E-02 -1.23399999E-02
 -3.91800003E+01  4.91199989E+01
 -3.91800003E+01 -4.91199989E+01
  0.00000000E+00  0.00000000E+00
  0.00000000E+00  0.00000000E+00
  0.00000000E+00  0.00000000E+00
 
CAL2 ADK   LHZ IU   STS-1    3.70E-01  10.000    1.00000 1993/11/01 00:00
PAZ2  1 C  1.69855156E+04                 4   3 STS-1
 -1.23399999E-02  1.23399999E-02
 -1.23399999E-02 -1.23399999E-02
 -3.91800003E+01  4.91199989E+01
 -3.91800003E+01 -4.91199989E+01
  0.00000000E+00  0.00000000E+00
  0.00000000E+00  0.00000000E+00
  0.00000000E+00  0.00000000E+00
 
CAL2 ADK   LHN IU   STS-1    4.17E-01  10.000    1.00000 1993/11/01 00:00
PAZ2  1 C  1.50776104E+04                 4   3 STS-1
 -1.23399999E-02  1.23399999E-02
 -1.23399999E-02 -1.23399999E-02
 -3.91800003E+01  4.91199989E+01
 -3.91800003E+01 -4.91199989E+01
  0.00000000E+00  0.00000000E+00
  0.00000000E+00  0.00000000E+00
  0.00000000E+00  0.00000000E+00
 
CAL2 ADK   LHE IU   STS-1    4.17E-01  10.000    1.00000 1993/11/01 00:00
PAZ2  1 C  1.50511074E+04                 4   3 STS-1
 -1.23399999E-02  1.23399999E-02
 -1.23399999E-02 -1.23399999E-02
 -3.91800003E+01  4.91199989E+01
 -3.91800003E+01 -4.91199989E+01
  0.00000000E+00  0.00000000E+00
  0.00000000E+00  0.00000000E+00
  0.00000000E+00  0.00000000E+00
 
CAL2 AFI   BHZ IU   STS-1    1.75E-01   1.000   20.00000 1993/11/01 00:00
PAZ2  1 C  3.57397534E+03                 4   3 STS-1
 -1.23399999E-02  1.23399999E-02
 -1.23399999E-02 -1.23399999E-02
 -3.91800003E+01  4.91199989E+01
 -3.91800003E+01 -4.91199989E+01
  0.00000000E+00  0.00000000E+00
  0.00000000E+00  0.00000000E+00
  0.00000000E+00  0.00000000E+00
 
CAL2 AFI   BHN IU   STS-1    1.67E-01   1.000   20.00000 1993/11/01 00:00
PAZ2  1 C  3.76279663E+03                 4   3 STS-1
 -1.23399999E-02  1.23399999E-02
 -1.23399999E-02 -1.23399999E-02
 -3.91800003E+01  4.91199989E+01
 -3.91800003E+01 -4.91199989E+01
  0.00000000E+00  0.00000000E+00
  0.00000000E+00  0.00000000E+00
  0.00000000E+00  0.00000000E+00
 
CAL2 AFI   BHE IU   STS-1    1.70E-01   1.000   20.00000 1993/11/01 00:00
PAZ2  1 C  3.68990552E+03                 4   3 STS-1
 -1.23399999E-02  1.23399999E-02
 -1.23399999E-02 -1.23399999E-02
 -3.91800003E+01  4.91199989E+01
 -3.91800003E+01 -4.91199989E+01
  0.00000000E+00  0.00000000E+00
  0.00000000E+00  0.00000000E+00
  0.00000000E+00  0.00000000E+00
 
CAL2 AFI   LHZ IU   STS-1    4.40E-01  10.000    1.00000 1993/11/01 00:00
PAZ2  1 C  1.42959014E+04                 4   3 STS-1
 -1.23399999E-02  1.23399999E-02
 -1.23399999E-02 -1.23399999E-02
 -3.91800003E+01  4.91199989E+01
 -3.91800003E+01 -4.91199989E+01
  0.00000000E+00  0.00000000E+00
  0.00000000E+00  0.00000000E+00
  0.00000000E+00  0.00000000E+00
 
CAL2 AFI   LHN IU   STS-1    4.17E-01  10.000    1.00000 1993/11/01 00:00
PAZ2  1 C  1.50511865E+04                 4   3 STS-1
 -1.23399999E-02  1.23399999E-02
 -1.23399999E-02 -1.23399999E-02
 -3.91800003E+01  4.91199989E+01
 -3.91800003E+01 -4.91199989E+01
  0.00000000E+00  0.00000000E+00
  0.00000000E+00  0.00000000E+00
  0.00000000E+00  0.00000000E+00
 
CAL2 AFI   LHE IU   STS-1    4.26E-01  10.000    1.00000 1993/11/01 00:00
PAZ2  1 C  1.47596221E+04                 4   3 STS-1
 -1.23399999E-02  1.23399999E-02
 -1.23399999E-02 -1.23399999E-02
 -3.91800003E+01  4.91199989E+01
 -3.91800003E+01 -4.91199989E+01
  0.00000000E+00  0.00000000E+00
  0.00000000E+00  0.00000000E+00
  0.00000000E+00  0.00000000E+00
 
CAL2 AHID  BHZ US   CMG-3N   2.88E-01   1.000   40.00000 1998/06/04 00:00
PAZ2  1 C  6.18371891E+10                 6   3 CMG-3N
 -3.14199999E-02  0.00000000E+00
 -1.97899997E-01  0.00000000E+00
 -2.01100006E+02  0.00000000E+00
 -6.97400024E+02  0.00000000E+00
 -7.54000000E+02  0.00000000E+00
 -1.05600000E+03  0.00000000E+00
  0.00000000E+00  0.00000000E+00
  0.00000000E+00  0.00000000E+00
  0.00000000E+00  0.00000000E+00
 
CAL2 AHID  BHN US   CMG-3N   2.98E-01   1.000   40.00000 1998/06/04 00:00
PAZ2  1 C  5.96898243E+10                 6   3 CMG-3N
 -3.14199999E-02  0.00000000E+00
 -1.97899997E-01  0.00000000E+00
 -2.01100006E+02  0.00000000E+00
 -6.97400024E+02  0.00000000E+00
 -7.54000000E+02  0.00000000E+00
 -1.05600000E+03  0.00000000E+00
  0.00000000E+00  0.00000000E+00
  0.00000000E+00  0.00000000E+00
  0.00000000E+00  0.00000000E+00
 
CAL2 AHID  BHE US   CMG-3N   3.22E-01   1.000   40.00000 1998/06/04 00:00
PAZ2  1 C  5.52892867E+10                 6   3 CMG-3N
 -3.14199999E-02  0.00000000E+00
 -1.97899997E-01  0.00000000E+00
 -2.01100006E+02  0.00000000E+00
 -6.97400024E+02  0.00000000E+00
 -7.54000000E+02  0.00000000E+00
 -1.05600000E+03  0.00000000E+00
  0.00000000E+00  0.00000000E+00
  0.00000000E+00  0.00000000E+00
  0.00000000E+00  0.00000000E+00
 
CAL2 AHID  LHZ US   CMG-3N   3.02E+00  10.000    1.00000 1998/06/04 00:00
PAZ2  1 C  6.18371891E+10                 6   3 CMG-3N
 -3.14199999E-02  0.00000000E+00
 -1.97899997E-01  0.00000000E+00
 -2.01100006E+02  0.00000000E+00
 -6.97400024E+02  0.00000000E+00
 -7.54000000E+02  0.00000000E+00
 -1.05600000E+03  0.00000000E+00
  0.00000000E+00  0.00000000E+00
  0.00000000E+00  0.00000000E+00
  0.00000000E+00  0.00000000E+00
 
CAL2 AHID  LHN US   CMG-3N   3.13E+00  10.000    1.00000 1998/06/04 00:00
PAZ2  1 C  5.96898243E+10                 6   3 CMG-3N
 -3.14199999E-02  0.00000000E+00
 -1.97899997E-01  0.00000000E+00
 -2.01100006E+02  0.00000000E+00
 -6.97400024E+02  0.00000000E+00
 -7.54000000E+02  0.00000000E+00
 -1.05600000E+03  0.00000000E+00
  0.00000000E+00  0.00000000E+00
  0.00000000E+00  0.00000000E+00
  0.00000000E+00  0.00000000E+00
 
CAL2 AHID  LHE US   CMG-3N   3.37E+00  10.000    1.00000 1998/06/04 00:00
PAZ2  1 C  5.52892867E+10                 6   3 CMG-3N
 -3.14199999E-02  0.00000000E+00
 -1.97899997E-01  0.00000000E+00
 -2.01100006E+02  0.00000000E+00
 -6.97400024E+02  0.00000000E+00
 -7.54000000E+02  0.00000000E+00
 -1.05600000E+03  0.00000000E+00
  0.00000000E+00  0.00000000E+00
  0.00000000E+00  0.00000000E+00
  0.00000000E+00  0.00000000E+00
 
CAL2 AHID  HLZ US   CMG-5    1.26E+02   1.000   80.00000 1998/09/18 00:00
PAZ2  1 C  5.38325520E+07                 4   2 CMG-5
 -2.19899994E+02  0.00000000E+00
 -5.65500000E+02  0.00000000E+00
 -1.22500000E+03  0.00000000E+00
 -1.75900000E+03  0.00000000E+00
  0.00000000E+00  0.00000000E+00
  0.00000000E+00  0.00000000E+00
 
CAL2 AHID  HLN US   CMG-5    1.29E+02   1.000   80.00000 1998/09/18 00:00
PAZ2  1 C  5.25766920E+07                 4   2 CMG-5
 -2.19899994E+02  0.00000000E+00
 -5.65500000E+02  0.00000000E+00
 -1.22500000E+03  0.00000000E+00
 -1.75900000E+03  0.00000000E+00
  0.00000000E+00  0.00000000E+00
  0.00000000E+00  0.00000000E+00
 
CAL2 AHID  HLE US   CMG-5    1.26E+02   1.000   80.00000 1998/09/18 00:00
PAZ2  1 C  5.39252720E+07                 4   2 CMG-5
 -2.19899994E+02  0.00000000E+00
 -5.65500000E+02  0.00000000E+00
 -1.22500000E+03  0.00000000E+00
 -1.75900000E+03  0.00000000E+00
  0.00000000E+00  0.00000000E+00
  0.00000000E+00  0.00000000E+00
 
CAL2 AHID  BLZ US   CMG-5    1.26E+02   1.000   40.00000 1998/09/18 00:00
PAZ2  1 C  5.38325520E+07                 4   2 CMG-5
 -2.19899994E+02  0.00000000E+00
 -5.65500000E+02  0.00000000E+00
 -1.22500000E+03  0.00000000E+00
 -1.75900000E+03  0.00000000E+00
  0.00000000E+00  0.00000000E+00
  0.00000000E+00  0.00000000E+00
 
CAL2 AHID  BLN US   CMG-5    1.29E+02   1.000   40.00000 1998/09/18 00:00
PAZ2  1 C  5.25766920E+07                 4   2 CMG-5
 -2.19899994E+02  0.00000000E+00
 -5.65500000E+02  0.00000000E+00
 -1.22500000E+03  0.00000000E+00
 -1.75900000E+03  0.00000000E+00
  0.00000000E+00  0.00000000E+00
  0.00000000E+00  0.00000000E+00
 
CAL2 AHID  BLE US   CMG-5    1.26E+02   1.000   40.00000 1998/09/18 00:00
PAZ2  1 C  5.39252720E+07                 4   2 CMG-5
 -2.19899994E+02  0.00000000E+00
 -5.65500000E+02  0.00000000E+00
 -1.22500000E+03  0.00000000E+00
 -1.75900000E+03  0.00000000E+00
  0.00000000E+00  0.00000000E+00
  0.00000000E+00  0.00000000E+00
 
CAL2 AML   BHZ KN   STS-2    2.02E-01   1.000   40.00000 1999/08/23 00:00
PAZ2  1 C  4.67269120E+07                 5   3 STS-2
 -3.55399996E-02  3.55399996E-02
 -3.55399996E-02 -3.55399996E-02
 -2.51300003E+02  0.00000000E+00
 -1.31000000E+02  4.67299988E+02
 -1.31000000E+02 -4.67299988E+02
  0.00000000E+00  0.00000000E+00
  0.00000000E+00  0.00000000E+00
  0.00000000E+00  0.00000000E+00
 
CAL2 AML   BHN KN   STS-2    2.02E-01   1.000   40.00000 1999/08/23 00:00
PAZ2  1 C  4.67269120E+07                 5   3 STS-2
 -3.55399996E-02  3.55399996E-02
 -3.55399996E-02 -3.55399996E-02
 -2.51300003E+02  0.00000000E+00
 -1.31000000E+02  4.67299988E+02
 -1.31000000E+02 -4.67299988E+02
  0.00000000E+00  0.00000000E+00
  0.00000000E+00  0.00000000E+00
  0.00000000E+00  0.00000000E+00
 
CAL2 AML   BHE KN   STS-2    2.02E-01   1.000   40.00000 1999/08/23 00:00
PAZ2  1 C  4.67269120E+07                 5   3 STS-2
 -3.55399996E-02  3.55399996E-02
 -3.55399996E-02 -3.55399996E-02
 -2.51300003E+02  0.00000000E+00
 -1.31000000E+02  4.67299988E+02
 -1.31000000E+02 -4.67299988E+02
  0.00000000E+00  0.00000000E+00
  0.00000000E+00  0.00000000E+00
  0.00000000E+00  0.00000000E+00
 
CAL2 AML   LHZ KN   STS-2    2.02E+00  10.000    1.00000 1999/08/23 00:00
PAZ2  1 C  4.67269120E+07                 5   3 STS-2
 -3.55399996E-02  3.55399996E-02
 -3.55399996E-02 -3.55399996E-02
 -2.51300003E+02  0.00000000E+00
 -1.31000000E+02  4.67299988E+02
 -1.31000000E+02 -4.67299988E+02
  0.00000000E+00  0.00000000E+00
  0.00000000E+00  0.00000000E+00
  0.00000000E+00  0.00000000E+00
 
CAL2 AML   LHN KN   STS-2    2.02E+00  10.000    1.00000 1999/08/23 00:00
PAZ2  1 C  4.67269120E+07                 5   3 STS-2
 -3.55399996E-02  3.55399996E-02
 -3.55399996E-02 -3.55399996E-02
 -2.51300003E+02  0.00000000E+00
 -1.31000000E+02  4.67299988E+02
 -1.31000000E+02 -4.67299988E+02
  0.00000000E+00  0.00000000E+00
  0.00000000E+00  0.00000000E+00
  0.00000000E+00  0.00000000E+00
 
CAL2 AML   LHE KN   STS-2    2.02E+00  10.000    1.00000 1999/08/23 00:00
PAZ2  1 C  4.67269120E+07                 5   3 STS-2
 -3.55399996E-02  3.55399996E-02
 -3.55399996E-02 -3.55399996E-02
 -2.51300003E+02  0.00000000E+00
 -1.31000000E+02  4.67299988E+02
 -1.31000000E+02 -4.67299988E+02
  0.00000000E+00  0.00000000E+00
  0.00000000E+00  0.00000000E+00
  0.00000000E+00  0.00000000E+00
 
CAL2 ANMO  CHZ IU   CMG-3T   1.90E-02   1.000   10.00000 1998/10/27 00:00
PAZ2  1 C  2.99218112E+08                 5   3 CMG-3T
 -3.70099992E-02  3.70099992E-02
 -3.70099992E-02 -3.70099992E-02
 -1.97899994E+02  1.97899997E+00
 -1.97899994E+02 -1.97899997E+00
 -9.11099976E+02  0.00000000E+00
  0.00000000E+00  0.00000000E+00
  0.00000000E+00  0.00000000E+00
  0.00000000E+00  0.00000000E+00
 
CAL2 ANMO  BHZ IU   CMG-3T   1.90E-02   1.000   40.00000 1998/10/27 00:00
PAZ2  1 C  2.99218112E+08                 5   3 CMG-3T
 -3.70099992E-02  3.70099992E-02
 -3.70099992E-02 -3.70099992E-02
 -1.97899994E+02  1.97899997E+00
 -1.97899994E+02 -1.97899997E+00
 -9.11099976E+02  0.00000000E+00
  0.00000000E+00  0.00000000E+00
  0.00000000E+00  0.00000000E+00
  0.00000000E+00  0.00000000E+00
 
CAL2 ANMO  BHN IU   CMG-3T   1.90E-02   1.000   40.00000 1998/10/27 00:00
PAZ2  1 C  2.98829152E+08                 5   3 CMG-3T
 -3.70099992E-02  3.70099992E-02
 -3.70099992E-02 -3.70099992E-02
 -1.97899994E+02  1.97899997E+00
 -1.97899994E+02 -1.97899997E+00
 -9.11099976E+02  0.00000000E+00
  0.00000000E+00  0.00000000E+00
  0.00000000E+00  0.00000000E+00
  0.00000000E+00  0.00000000E+00
 
CAL2 ANMO  BHE IU   CMG-3T   1.90E-02   1.000   40.00000 1998/10/27 00:00
PAZ2  1 C  2.99878368E+08                 5   3 CMG-3T
 -3.70099992E-02  3.70099992E-02
 -3.70099992E-02 -3.70099992E-02
 -1.97899994E+02  1.97899997E+00
 -1.97899994E+02 -1.97899997E+00
 -9.11099976E+02  0.00000000E+00
  0.00000000E+00  0.00000000E+00
  0.00000000E+00  0.00000000E+00
  0.00000000E+00  0.00000000E+00
 
CAL2 ANMO  LHZ IU   CMG-3T   4.75E-02  10.000    1.00000 1998/10/27 00:00
PAZ2  1 C  1.19687245E+09                 5   3 CMG-3T
 -3.70099992E-02  3.70099992E-02
 -3.70099992E-02 -3.70099992E-02
 -1.97899994E+02  1.97899997E+00
 -1.97899994E+02 -1.97899997E+00
 -9.11099976E+02  0.00000000E+00
  0.00000000E+00  0.00000000E+00
  0.00000000E+00  0.00000000E+00
  0.00000000E+00  0.00000000E+00
 
CAL2 ANMO  LHN IU   CMG-3T   4.75E-02  10.000    1.00000 1998/10/27 00:00
PAZ2  1 C  1.19531661E+09                 5   3 CMG-3T
 -3.70099992E-02  3.70099992E-02
 -3.70099992E-02 -3.70099992E-02
 -1.97899994E+02  1.97899997E+00
 -1.97899994E+02 -1.97899997E+00
 -9.11099976E+02  0.00000000E+00
  0.00000000E+00  0.00000000E+00
  0.00000000E+00  0.00000000E+00
  0.00000000E+00  0.00000000E+00
 
CAL2 ANMO  LHE IU   CMG-3T   4.74E-02  10.000    1.00000 1998/10/27 00:00
PAZ2  1 C  1.19951347E+09                 5   3 CMG-3T
 -3.70099992E-02  3.70099992E-02
 -3.70099992E-02 -3.70099992E-02
 -1.97899994E+02  1.97899997E+00
 -1.97899994E+02 -1.97899997E+00
 -9.11099976E+02  0.00000000E+00
  0.00000000E+00  0.00000000E+00
  0.00000000E+00  0.00000000E+00
  0.00000000E+00  0.00000000E+00
 
CAL2 ANTO  BHZ IU   KS360i   1.57E-01   1.000   20.00000 1993/02/10 00:00
PAZ2  1 C  6.37735547E+04                 6   4 KS360i
 -4.21900023E-03  0.00000000E+00
 -1.23399999E-02  1.23399999E-02
 -1.23399999E-02 -1.23399999E-02
 -1.84300003E+01  1.89099998E+01
 -1.84300003E+01 -1.89099998E+01
 -8.98499985E+01  0.00000000E+00
  0.00000000E+00  0.00000000E+00
  0.00000000E+00  0.00000000E+00
  0.00000000E+00  0.00000000E+00
  0.00000000E+00  0.00000000E+00
 
CAL2 ANTO  BHN IU   KS360i   1.56E-01   1.000   20.00000 1993/02/10 00:00
PAZ2  1 C  6.40625820E+04                 6   4 KS360i
 -4.21900023E-03  0.00000000E+00
 -1.23399999E-02  1.23399999E-02
 -1.23399999E-02 -1.23399999E-02
 -1.84300003E+01  1.89099998E+01
 -1.84300003E+01 -1.89099998E+01
 -8.98499985E+01  0.00000000E+00
  0.00000000E+00  0.00000000E+00
  0.00000000E+00  0.00000000E+00
  0.00000000E+00  0.00000000E+00
  0.00000000E+00  0.00000000E+00
 
CAL2 ANTO  BHE IU   KS360i   1.57E-01   1.000   20.00000 1993/02/10 00:00
PAZ2  1 C  6.36155664E+04                 6   4 KS360i
 -4.21900023E-03  0.00000000E+00
 -1.23399999E-02  1.23399999E-02
 -1.23399999E-02 -1.23399999E-02
 -1.84300003E+01  1.89099998E+01
 -1.84300003E+01 -1.89099998E+01
 -8.98499985E+01  0.00000000E+00
  0.00000000E+00  0.00000000E+00
  0.00000000E+00  0.00000000E+00
  0.00000000E+00  0.00000000E+00
  0.00000000E+00  0.00000000E+00
 
CAL2 ANTO  LHZ IU   KS360i   3.91E-01  10.000    1.00000 1993/02/10 00:00
PAZ2  1 C  2.55094219E+05                 6   4 KS360i
 -4.21900023E-03  0.00000000E+00
 -1.23399999E-02  1.23399999E-02
 -1.23399999E-02 -1.23399999E-02
 -1.84300003E+01  1.89099998E+01
 -1.84300003E+01 -1.89099998E+01
 -8.98499985E+01  0.00000000E+00
  0.00000000E+00  0.00000000E+00
  0.00000000E+00  0.00000000E+00
  0.00000000E+00  0.00000000E+00
  0.00000000E+00  0.00000000E+00
 
CAL2 ANTO  LHN IU   KS360i   3.89E-01  10.000    1.00000 1993/02/10 00:00
PAZ2  1 C  2.56250328E+05                 6   4 KS360i
 -4.21900023E-03  0.00000000E+00
 -1.23399999E-02  1.23399999E-02
 -1.23399999E-02 -1.23399999E-02
 -1.84300003E+01  1.89099998E+01
 -1.84300003E+01 -1.89099998E+01
 -8.98499985E+01  0.00000000E+00
  0.00000000E+00  0.00000000E+00
  0.00000000E+00  0.00000000E+00
  0.00000000E+00  0.00000000E+00
  0.00000000E+00  0.00000000E+00
 
CAL2 ANTO  LHE IU   KS360i   3.92E-01  10.000    1.00000 1993/02/10 00:00
PAZ2  1 C  2.54462266E+05                 6   4 KS360i
 -4.21900023E-03  0.00000000E+00
 -1.23399999E-02  1.23399999E-02
 -1.23399999E-02 -1.23399999E-02
 -1.84300003E+01  1.89099998E+01
 -1.84300003E+01 -1.89099998E+01
 -8.98499985E+01  0.00000000E+00
  0.00000000E+00  0.00000000E+00
  0.00000000E+00  0.00000000E+00
  0.00000000E+00  0.00000000E+00
  0.00000000E+00  0.00000000E+00
 
CAL2 ARU   BHZ II   STS-1    2.90E-01   1.000   20.00000 1993/12/17 00:00
PAZ2  1 C  2.63571105E+16                12   6 STS-1
 -1.23693924E-02  1.22370068E-02
 -1.23693924E-02 -1.22370068E-02
 -1.45860374E-01  0.00000000E+00
 -1.60204262E-01  0.00000000E+00
 -4.00568771E+01  4.84075470E+01
 -4.00568771E+01 -4.84075470E+01
 -3.03477844E+02  8.12233658E+01
 -3.03477844E+02 -8.12233658E+01
 -2.22144531E+02  2.22143921E+02
 -2.22144531E+02 -2.22143921E+02
 -8.13044205E+01  3.03455872E+02
 -8.13044205E+01 -3.03455872E+02
  0.00000000E+00  0.00000000E+00
  0.00000000E+00  0.00000000E+00
  0.00000000E+00  0.00000000E+00
 -7.85398178E+01  0.00000000E+00
 -1.52504221E-01  0.00000000E+00
 -1.52504221E-01  0.00000000E+00
 
CAL2 ARU   BHN II   STS-1    2.91E-01   1.000   20.00000 1993/12/17 00:00
PAZ2  1 C  2.63209189E+16                12   6 STS-1
 -1.23629849E-02  1.22585576E-02
 -1.23629849E-02 -1.22585576E-02
 -1.45732835E-01  0.00000000E+00
 -1.60064146E-01  0.00000000E+00
 -4.00568771E+01  4.84075470E+01
 -4.00568771E+01 -4.84075470E+01
 -3.03477844E+02  8.12233658E+01
 -3.03477844E+02 -8.12233658E+01
 -2.22144531E+02  2.22143921E+02
 -2.22144531E+02 -2.22143921E+02
 -8.13044205E+01  3.03455872E+02
 -8.13044205E+01 -3.03455872E+02
  0.00000000E+00  0.00000000E+00
  0.00000000E+00  0.00000000E+00
  0.00000000E+00  0.00000000E+00
 -7.85398178E+01  0.00000000E+00
 -1.52504221E-01  0.00000000E+00
 -1.52504221E-01  0.00000000E+00
 
CAL2 ARU   BHE II   STS-1    2.93E-01   1.000   20.00000 1993/12/17 00:00
PAZ2  1 C  2.61048434E+16                12   6 STS-1
 -1.22887800E-02  1.23308143E-02
 -1.22887800E-02 -1.23308143E-02
 -1.52722880E-01  6.83510024E-03
 -1.52722880E-01 -6.83510024E-03
 -4.00568771E+01  4.84075470E+01
 -4.00568771E+01 -4.84075470E+01
 -3.03477844E+02  8.12233658E+01
 -3.03477844E+02 -8.12233658E+01
 -2.22144531E+02  2.22143921E+02
 -2.22144531E+02 -2.22143921E+02
 -8.13044205E+01  3.03455872E+02
 -8.13044205E+01 -3.03455872E+02
  0.00000000E+00  0.00000000E+00
  0.00000000E+00  0.00000000E+00
  0.00000000E+00  0.00000000E+00
 -7.85398178E+01  0.00000000E+00
 -1.52504221E-01  0.00000000E+00
 -1.52504221E-01  0.00000000E+00
 
CAL2 ARU   LHZ II   STS-1    7.30E-01  10.000    1.00000 1993/12/17 00:00
PAZ2  1 C  1.05428442E+17                12   6 STS-1
 -1.23693924E-02  1.22370068E-02
 -1.23693924E-02 -1.22370068E-02
 -1.45860374E-01  0.00000000E+00
 -1.60204262E-01  0.00000000E+00
 -4.00568771E+01  4.84075470E+01
 -4.00568771E+01 -4.84075470E+01
 -3.03477844E+02  8.12233658E+01
 -3.03477844E+02 -8.12233658E+01
 -2.22144531E+02  2.22143921E+02
 -2.22144531E+02 -2.22143921E+02
 -8.13044205E+01  3.03455872E+02
 -8.13044205E+01 -3.03455872E+02
  0.00000000E+00  0.00000000E+00
  0.00000000E+00  0.00000000E+00
  0.00000000E+00  0.00000000E+00
 -7.85398178E+01  0.00000000E+00
 -1.52504221E-01  0.00000000E+00
 -1.52504221E-01  0.00000000E+00
 
CAL2 ARU   LHN II   STS-1    7.31E-01  10.000    1.00000 1993/12/17 00:00
PAZ2  1 C  1.05283676E+17                12   6 STS-1
 -1.23629849E-02  1.22585576E-02
 -1.23629849E-02 -1.22585576E-02
 -1.45732835E-01  0.00000000E+00
 -1.60064146E-01  0.00000000E+00
 -4.00568771E+01  4.84075470E+01
 -4.00568771E+01 -4.84075470E+01
 -3.03477844E+02  8.12233658E+01
 -3.03477844E+02 -8.12233658E+01
 -2.22144531E+02  2.22143921E+02
 -2.22144531E+02 -2.22143921E+02
 -8.13044205E+01  3.03455872E+02
 -8.13044205E+01 -3.03455872E+02
  0.00000000E+00  0.00000000E+00
  0.00000000E+00  0.00000000E+00
  0.00000000E+00  0.00000000E+00
 -7.85398178E+01  0.00000000E+00
 -1.52504221E-01  0.00000000E+00
 -1.52504221E-01  0.00000000E+00
 
CAL2 ARU   LHE II   STS-1    7.37E-01  10.000    1.00000 1993/12/17 00:00
PAZ2  1 C  1.04419374E+17                12   6 STS-1
 -1.22887800E-02  1.23308143E-02
 -1.22887800E-02 -1.23308143E-02
 -1.52722880E-01  6.83510024E-03
 -1.52722880E-01 -6.83510024E-03
 -4.00568771E+01  4.84075470E+01
 -4.00568771E+01 -4.84075470E+01
 -3.03477844E+02  8.12233658E+01
 -3.03477844E+02 -8.12233658E+01
 -2.22144531E+02  2.22143921E+02
 -2.22144531E+02 -2.22143921E+02
 -8.13044205E+01  3.03455872E+02
 -8.13044205E+01 -3.03455872E+02
  0.00000000E+00  0.00000000E+00
  0.00000000E+00  0.00000000E+00
  0.00000000E+00  0.00000000E+00
 -7.85398178E+01  0.00000000E+00
 -1.52504221E-01  0.00000000E+00
 -1.52504221E-01  0.00000000E+00
 
CAL2 ASCN  BHZ II   KS5400   9.60E-02   1.000   20.00000 1995/05/17 00:00
PAZ2  1 C  4.74117300E+06                 7   4 KS5400
 -7.30847567E-02  0.00000000E+00
 -4.79998952E-03  0.00000000E+00
 -4.20501549E-03  0.00000000E+00
 -1.84725666E+01  1.88457851E+01
 -1.84725666E+01 -1.88457851E+01
 -3.39245529E+01  0.00000000E+00
 -1.18851479E+02  0.00000000E+00
  0.00000000E+00  0.00000000E+00
  0.00000000E+00  0.00000000E+00
  0.00000000E+00  0.00000000E+00
  0.00000000E+00  0.00000000E+00
 
CAL2 ASCN  BHN II   KS5400   9.56E-02   1.000   20.00000 1995/05/17 00:00
PAZ2  1 C  4.76078050E+06                 7   4 KS5400
 -7.35195503E-02  0.00000000E+00
 -4.79998952E-03  0.00000000E+00
 -4.17190976E-03  0.00000000E+00
 -1.84725666E+01  1.88457851E+01
 -1.84725666E+01 -1.88457851E+01
 -3.39245529E+01  0.00000000E+00
 -1.18851479E+02  0.00000000E+00
  0.00000000E+00  0.00000000E+00
  0.00000000E+00  0.00000000E+00
  0.00000000E+00  0.00000000E+00
  0.00000000E+00  0.00000000E+00
 
CAL2 ASCN  BHE II   KS5400   9.62E-02   1.000   20.00000 1995/05/17 00:00
PAZ2  1 C  4.73385700E+06                 7   4 KS5400
 -7.27988705E-02  0.00000000E+00
 -4.79998952E-03  0.00000000E+00
 -4.18944610E-03  0.00000000E+00
 -1.84725666E+01  1.88457851E+01
 -1.84725666E+01 -1.88457851E+01
 -3.39245529E+01  0.00000000E+00
 -1.18851479E+02  0.00000000E+00
  0.00000000E+00  0.00000000E+00
  0.00000000E+00  0.00000000E+00
  0.00000000E+00  0.00000000E+00
  0.00000000E+00  0.00000000E+00
 
CAL2 ASCN  LHZ II   KS5400   9.49E-01  10.000    1.00000 1995/05/17 00:00
PAZ2  1 C  4.74117300E+06                 7   4 KS5400
 -7.30847567E-02  0.00000000E+00
 -4.79998952E-03  0.00000000E+00
 -4.20501549E-03  0.00000000E+00
 -1.84725666E+01  1.88457851E+01
 -1.84725666E+01 -1.88457851E+01
 -3.39245529E+01  0.00000000E+00
 -1.18851479E+02  0.00000000E+00
  0.00000000E+00  0.00000000E+00
  0.00000000E+00  0.00000000E+00
  0.00000000E+00  0.00000000E+00
  0.00000000E+00  0.00000000E+00
 
CAL2 ASCN  LHN II   KS5400   9.45E-01  10.000    1.00000 1995/05/17 00:00
PAZ2  1 C  4.76078050E+06                 7   4 KS5400
 -7.35195503E-02  0.00000000E+00
 -4.79998952E-03  0.00000000E+00
 -4.17190976E-03  0.00000000E+00
 -1.84725666E+01  1.88457851E+01
 -1.84725666E+01 -1.88457851E+01
 -3.39245529E+01  0.00000000E+00
 -1.18851479E+02  0.00000000E+00
  0.00000000E+00  0.00000000E+00
  0.00000000E+00  0.00000000E+00
  0.00000000E+00  0.00000000E+00
  0.00000000E+00  0.00000000E+00
 
CAL2 ASCN  LHE II   KS5400   9.51E-01  10.000    1.00000 1995/05/17 00:00
PAZ2  1 C  4.73385700E+06                 7   4 KS5400
 -7.27988705E-02  0.00000000E+00
 -4.79998952E-03  0.00000000E+00
 -4.18944610E-03  0.00000000E+00
 -1.84725666E+01  1.88457851E+01
 -1.84725666E+01 -1.88457851E+01
 -3.39245529E+01  0.00000000E+00
 -1.18851479E+02  0.00000000E+00
  0.00000000E+00  0.00000000E+00
  0.00000000E+00  0.00000000E+00
  0.00000000E+00  0.00000000E+00
  0.00000000E+00  0.00000000E+00
 
DATA_TYPE LOG
 
 ABL/SHZ response is not available (RESPONSE).
 ADK/SHZ response is not available (RESPONSE).
 ANM/SHZ response is not available (RESPONSE).
 ANMO/DHZ response is not available (RESPONSE).
 ARUT/SHZ response is not available (RESPONSE).
 
DATA_TYPE ERROR_LOG
 
    Error - range delimiter not found:
 TIME 2000/1/1 05:00\
                    ^
    Warning - number of channels selected limited.
 
STOP

  
